43,1
43,3
47,2
46,2
42,1
42,3
46,1
46,3
41,1
41,3
47,1
47,3
45,1
45,3
44,1
44,3
49,52
49,51
49,50
49,49
49,48
49,47
49,46
49,45
49,44
49,43
49,42
49,41
49,40
49,39
49,38
49,37
49,36
49,35
10,7
10,311
10,161
10,175
10,205
10,91
10,21
11,11
11,2
11,3
9,5
8,15
8,6
8,9
8,8
8,2
8,3
20,3
20,2
20,1
19,3
19,2
19,1
12,3
12,2
12,1
11,30
11,29
11,28
11,27
11,26
11,25
11,24
11,23
11,22
11,21
11,20
11,19
11,18
11,17
11,16
11,15
11,14
11,13
11,12
11,10
11,1
11,8
10,266
10,260
18,1
10,178
18,3
10,138
10,104
10,100
